3082 3196 3258 3357 3363 3400 3410 3460 3277 3172 3245 3113 3081 3100 3117 2935 2707 2579 2579 2743 2857 2817 2796 2885 2937 3039 3291 3387 3410 3363 3294 3249 2915 2870 2848 2711 2822 3079 3061 3091 3180 3140 2892 2801 2743 2757 2787 2785 2723 2856 2971 3246 3504 3650 3693 3674 3693 3797 3649 3490 3508 3610 3399 
2721 2956 3134 3223 3274 3299 3285 3253 3161 3079 3084 3034 2947 2963 3002 2815 2667 2514 2513 2603 2643 2683 2772 2798 2893 2969 3145 3282 3387 3386 3333 3278 3027 2894 2778 2706 2680 2912 2988 3010 3066 2905 2740 2749 2777 2775 2851 2847 2801 2835 3057 3360 3546 3596 3708 3708 3775 3905 3757 3627 3676 3680 3484 
2523 2703 2969 3207 3289 3316 3351 3207 3246 3215 3083 3004 2902 2866 2772 2572 2562 2438 2462 2482 2535 2617 2644 2603 2700 2728 2922 3181 3201 3189 3056 3017 2946 2844 2638 2684 2744 2831 2909 2829 2937 2830 2768 2846 2841 2714 2801 2810 2879 2891 2987 3292 3381 3417 3686 3751 3810 3934 3869 3730 3772 3773 3631 
2427 2541 2799 3119 3210 3303 3436 3272 3382 3419 3198 3084 3023 2910 2671 2558 2550 2478 2508 2457 2513 2516 2556 2535 2509 2605 2822 3054 2959 2843 2712 2755 2820 2722 2575 2687 2762 2756 2713 2689 2821 2863 2814 2912 2814 2584 2535 2708 2789 2778 2815 3057 3152 3328 3661 3826 3779 3888 3791 3597 3536 3633 3501 
2327 2444 2645 2918 3131 3387 3497 3304 3435 3477 3222 3212 3095 2923 2701 2755 2718 2697 2741 2628 2584 2456 2559 2625 2508 2581 2715 2820 2779 2563 2549 2607 2775 2696 2501 2598 2660 2745 2710 2666 2726 2770 2737 2845 2720 2622 2475 2591 2645 2609 2737 2914 3087 3317 3578 3713 3567 3709 3658 3441 3322 3336 3187 
2359 2380 2537 2759 3078 3387 3526 3393 3501 3446 3257 3363 3239 3031 2819 2894 2969 2896 2950 2896 2723 2530 2624 2752 2705 2582 2628 2641 2543 2438 2442 2531 2692 2702 2513 2557 2698 2767 2699 2644 2721 2715 2684 2742 2653 2595 2485 2575 2624 2586 2648 2802 3044 3376 3621 3553 3363 3417 3412 3212 3084 3039 3003 
2366 2347 2603 2774 3090 3281 3489 3443 3452 3406 3331 3445 3385 3165 2913 2841 3041 3096 3078 2945 2773 2576 2660 2709 2750 2716 2662 2605 2440 2545 2449 2562 2624 2675 2657 2664 2782 2757 2657 2619 2749 2714 2670 2668 2654 2563 2487 2455 2468 2459 2644 2741 3048 3338 3528 3475 3347 3196 3091 2923 2786 2766 2884 
2298 2244 2547 2731 2990 3209 3390 3432 3486 3481 3523 3641 3521 3224 2981 2861 3031 3209 3150 2905 2775 2647 2750 2692 2688 2790 2669 2566 2432 2607 2618 2619 2615 2685 2759 2847 2878 2836 2810 2803 2774 2579 2606 2691 2606 2618 2618 2480 2391 2389 2646 2727 3044 3203 3292 3450 3368 3127 2771 2617 2629 2686 2755 
2367 2319 2617 2775 2810 3111 3294 3377 3465 3498 3670 3765 3665 3237 3027 2978 3056 3210 3141 2910 2763 2694 2844 2830 2768 2763 2573 2495 2463 2606 2791 2872 2814 2895 2984 3158 3140 3057 3004 3014 2796 2659 2557 2742 2721 2715 2731 2674 2550 2501 2680 2745 2990 3148 3124 3233 3174 2909 2644 2429 2578 2692 2586 
2446 2434 2667 2796 2766 2974 3090 3199 3350 3599 3799 3764 3748 3356 3003 3079 3231 3308 3168 2844 2713 2726 2862 2971 2902 2802 2601 2527 2421 2613 2887 3081 3070 3102 3181 3354 3419 3363 3338 3301 3020 2802 2660 2842 2837 2869 2984 2941 2813 2665 2814 2808 2870 3103 3047 2967 2905 2681 2575 2452 2588 2602 2508 
2617 2573 2669 2817 2893 2956 3090 3299 3446 3615 3843 3829 3761 3433 3138 3134 3232 3196 3104 2793 2674 2837 2976 3082 2932 2857 2663 2621 2492 2699 2952 3170 3273 3282 3349 3446 3552 3487 3534 3425 3152 2829 2699 2892 2901 2881 3116 3087 3035 2837 2842 2830 2856 2969 2898 2834 2741 2630 2505 2522 2485 2465 2615 
2816 2753 2794 2911 3070 3106 3225 3470 3620 3636 3791 3773 3735 3485 3300 3116 3068 3065 2919 2644 2565 2748 3065 3159 3009 2942 2754 2711 2609 2672 2748 3070 3283 3414 3404 3466 3624 3528 3507 3385 3147 2912 2692 2835 2841 2846 3089 3184 3138 2948 2917 2926 2988 2963 2890 2826 2633 2561 2569 2548 2400 2449 2708 
2815 2705 2780 2936 3169 3265 3378 3507 3627 3640 3698 3679 3675 3533 3261 3112 3016 3029 2795 2711 2661 2740 3053 3179 3128 3025 2886 2728 2570 2612 2640 3012 3328 3503 3473 3652 3691 3535 3436 3352 3109 2857 2769 2831 2883 2839 2982 3097 3026 3126 3122 3124 3072 2960 2966 2760 2623 2623 2734 2672 2506 2525 2688 
2870 2752 2828 3008 3231 3312 3342 3474 3615 3552 3579 3579 3504 3383 3229 3151 3076 3039 2896 2902 2864 2913 3164 3336 3275 3019 2948 2817 2558 2575 2673 2924 3233 3548 3639 3851 3737 3503 3402 3322 3121 2912 2806 2869 3004 2941 2994 3092 2983 3087 3153 3154 3061 2970 2957 2739 2634 2721 2803 2794 2636 2543 2610 
2844 2760 2794 2965 3240 3345 3333 3488 3496 3483 3522 3503 3421 3347 3275 3153 3053 3002 3012 2942 2947 3076 3360 3494 3320 3051 2946 2787 2639 2481 2658 2922 3078 3468 3667 3819 3705 3397 3304 3217 3034 2921 2866 2897 3068 3092 2912 2964 2991 3063 3167 3207 3091 3043 2890 2790 2583 2790 2860 2977 2822 2738 2766 
2908 2782 2752 2908 3233 3401 3321 3373 3317 3431 3538 3558 3444 3370 3192 3096 3026 2894 2923 2959 3115 3280 3430 3526 3323 2986 2827 2733 2655 2465 2609 2915 2983 3263 3553 3700 3630 3352 3234 3136 2949 2833 2863 2901 3052 3162 2948 2872 2981 3143 3146 3096 2904 2953 2799 2715 2612 2850 2940 3098 3036 2943 2909 
3027 2909 2849 3042 3392 3619 3475 3306 3207 3302 3376 3463 3255 3240 3081 2900 2947 2936 2828 3040 3216 3394 3498 3523 3424 3040 2756 2723 2555 2553 2656 2961 3097 3295 3583 3585 3560 3333 3091 2962 2898 2802 2812 2840 3067 3162 3066 3008 3029 3148 3146 2930 2791 2894 2733 2684 2727 2843 2854 3032 3193 3146 3116 
3120 3079 3055 3176 3438 3614 3524 3260 3054 3144 3178 3181 2985 2999 2880 2751 2890 2862 2857 3161 3228 3313 3404 3530 3567 3211 2855 2721 2553 2616 2801 3029 3142 3323 3622 3593 3428 3196 3005 2804 2749 2643 2787 2851 3035 3192 3228 3228 3153 3162 3142 2929 2866 2844 2665 2673 2652 2726 2879 3029 3175 3328 3367 
3214 3145 3187 3261 3366 3584 3563 3267 3086 3082 3019 3011 2873 2825 2742 2642 2758 2828 3042 3247 3307 3296 3424 3521 3611 3296 2992 2731 2445 2494 2830 3196 3222 3385 3536 3612 3390 3021 2892 2725 2625 2623 2768 2831 2929 3073 3275 3326 3130 3165 3096 2948 2823 2771 2699 2615 2478 2661 2865 3090 3303 3505 3494 
3234 3176 3244 3283 3345 3612 3480 3201 3104 3102 2906 2795 2731 2723 2675 2549 2651 2782 3051 3256 3448 3457 3424 3477 3620 3440 3083 2705 2529 2601 2933 3332 3363 3464 3482 3571 3414 2985 2784 2610 2508 2560 2734 2810 2988 3109 3363 3338 3115 3215 3159 3025 2879 2870 2847 2692 2532 2762 2902 3122 3335 3521 3513 
3442 3298 3282 3358 3463 3590 3477 3269 3172 3225 2916 2745 2718 2786 2793 2713 2783 2892 3045 3222 3440 3537 3488 3436 3594 3473 3204 2810 2678 2749 2957 3201 3362 3363 3271 3303 3209 2927 2676 2483 2396 2476 2727 2930 3016 3157 3380 3286 3177 3205 3115 3008 2857 2860 2934 2759 2720 2824 3027 3061 3238 3503 3542 
3585 3521 3479 3410 3498 3534 3479 3390 3394 3305 2949 2825 2854 2969 2962 2981 3059 2958 3019 3195 3442 3550 3492 3418 3564 3372 3239 2984 2912 2910 2926 2969 3131 3101 3088 3131 2953 2668 2390 2214 2169 2322 2548 2878 3083 3203 3376 3280 3167 3106 3138 3057 2922 2890 2990 2825 2825 2841 2924 2871 3119 3296 3361 
3687 3596 3569 3480 3552 3545 3515 3475 3467 3410 3163 2978 3021 3049 3105 3169 3214 2991 3060 3228 3435 3487 3420 3455 3462 3356 3205 3148 3063 2962 2897 2802 2905 2882 2930 2930 2774 2468 2146 1954 1977 2167 2333 2783 3074 3284 3373 3270 3076 3145 3222 3071 3029 3051 2989 2889 2892 2838 2737 2662 2898 3109 3153 
3576 3461 3421 3340 3427 3386 3416 3512 3544 3426 3304 3205 3179 3087 3176 3247 3230 3096 3152 3171 3284 3316 3346 3493 3498 3523 3328 3233 3137 3008 2888 2735 2822 2906 2920 2805 2507 2308 2096 2000 1973 2010 2182 2638 2955 3226 3224 3205 3072 3259 3266 3056 3022 3052 2847 2734 2815 2762 2700 2525 2577 2866 3018 
3484 3383 3302 3144 3298 3274 3316 3481 3627 3382 3297 3291 3244 3086 3165 3195 3205 3080 3058 3160 3230 3234 3299 3410 3473 3513 3414 3251 3153 3062 2983 2766 2833 2925 2891 2688 2444 2350 2208 2148 2148 2118 2239 2492 2920 3124 3131 3250 3219 3284 3167 3031 3112 3125 2836 2635 2645 2635 2688 2514 2419 2715 2951 
3414 3282 3193 3164 3262 3196 3385 3471 3520 3417 3359 3323 3203 3012 3119 3152 3209 3107 2970 3080 3215 3227 3267 3298 3342 3429 3332 3142 3050 3001 3007 2911 2983 2999 2923 2697 2478 2473 2375 2283 2308 2255 2375 2488 2877 3158 3273 3283 3299 3266 3117 3004 3108 3229 2932 2665 2555 2535 2541 2496 2486 2695 2867 
3281 3241 3076 3180 3253 3135 3352 3443 3423 3373 3335 3255 3125 2947 3115 3230 3130 3068 2941 2909 3129 3228 3204 3154 3253 3357 3238 3046 3118 3080 3099 2994 3081 3079 3006 2844 2617 2646 2499 2519 2444 2359 2423 2555 2881 3303 3398 3322 3344 3325 3151 3054 3126 3283 3014 2688 2528 2520 2412 2362 2503 2711 2813 
3249 3257 2991 2999 3168 3108 3283 3413 3475 3401 3336 3190 3087 2958 3082 3253 3081 2940 2923 2930 3028 3157 3143 3038 3191 3189 3223 3221 3259 3160 3166 3077 3133 3023 2951 2878 2780 2810 2626 2570 2461 2477 2558 2799 3129 3496 3496 3518 3399 3274 3078 3036 3113 3176 2946 2735 2520 2444 2393 2311 2532 2692 2764 
3094 3114 2859 2752 2906 2979 3101 3282 3366 3426 3406 3151 3056 3037 3086 3143 2994 2912 3011 3058 3072 3237 3225 3140 3271 3233 3305 3449 3328 3146 3124 3152 3143 2904 2955 2898 2843 2816 2702 2540 2488 2624 2716 2992 3352 3596 3565 3573 3394 3208 2984 2947 2995 2949 2848 2792 2591 2326 2253 2237 2500 2659 2796 
3014 3018 2776 2701 2683 2765 2842 3125 3246 3283 3339 3066 2922 2954 2996 2953 2789 2779 2988 3038 3127 3371 3309 3243 3344 3408 3361 3446 3381 3212 3245 3195 3133 2910 2956 2820 2867 2748 2636 2635 2638 2782 2900 3097 3335 3580 3577 3517 3357 3147 2972 2899 2901 2814 2826 2739 2699 2392 2192 2167 2389 2595 2810 
3063 3012 2679 2617 2589 2653 2723 3041 3298 3253 3283 3072 2868 2771 2794 2758 2679 2675 2899 3054 3152 3348 3354 3334 3366 3518 3454 3458 3304 3172 3248 3288 3182 3016 2895 2684 2774 2758 2689 2795 2844 2919 3131 3212 3289 3572 3615 3571 3308 3009 2888 2812 2796 2730 2765 2697 2659 2451 2229 2190 2356 2527 2720 
3045 3035 2676 2572 2556 2640 2784 3054 3305 3454 3489 3311 3084 2813 2797 2692 2651 2711 2838 3022 3234 3397 3501 3471 3344 3449 3458 3484 3287 3149 3120 3218 3087 3047 2962 2722 2676 2772 2810 2942 3038 3173 3310 3302 3451 3600 3564 3555 3333 3093 2792 2701 2636 2638 2739 2656 2469 2384 2227 2241 2357 2616 2763 
3107 3105 2845 2751 2637 2589 2924 3231 3362 3579 3704 3643 3290 2959 2854 2714 2597 2656 2763 2864 3123 3326 3415 3303 3182 3262 3310 3350 3315 3147 3017 3002 3036 3091 2997 2767 2669 2722 2893 3025 3106 3306 3358 3351 3520 3615 3565 3575 3479 3356 2990 2773 2588 2607 2690 2555 2409 2398 2394 2447 2520 2695 2861 
3098 3067 2884 2855 2849 2705 2942 3358 3432 3549 3681 3642 3252 2997 2759 2611 2438 2507 2672 2765 2932 3099 3177 3007 3011 3089 3217 3290 3198 3008 2902 2941 3187 3200 2995 2850 2755 2774 3109 3167 3168 3219 3308 3321 3419 3555 3633 3730 3612 3498 3211 2878 2696 2681 2628 2580 2469 2399 2484 2590 2685 2801 3002 
3047 3027 2939 2960 2975 2837 2979 3328 3423 3554 3643 3507 3270 3013 2634 2476 2258 2316 2551 2620 2764 2948 3018 2858 2865 2861 3026 3165 3040 2917 2878 3039 3266 3210 3035 2923 2864 2964 3261 3284 3196 3133 3294 3305 3374 3440 3548 3835 3730 3538 3267 3002 2748 2709 2696 2608 2448 2395 2509 2638 2794 2998 3120 
3127 3066 3027 2990 3018 2950 3068 3180 3300 3405 3516 3537 3364 3035 2699 2593 2305 2329 2624 2596 2622 2889 2871 2796 2802 2863 2902 3015 2911 2885 2831 3036 3155 3128 3066 2976 3082 3236 3371 3350 3265 3177 3194 3194 3317 3489 3605 3856 3883 3656 3329 3228 2929 2750 2796 2554 2319 2358 2486 2607 2874 3152 3166 
3141 3033 2926 2944 3079 3074 3154 3107 3138 3305 3440 3606 3371 3018 2762 2644 2433 2457 2625 2586 2630 2853 2850 2739 2691 2863 2873 2968 2896 2853 2837 2889 2956 3098 3106 3133 3352 3432 3451 3442 3385 3291 3170 3147 3393 3571 3610 3722 3871 3757 3394 3283 3081 2829 2722 2399 2163 2221 2281 2451 2815 3371 3496 
3070 2971 2920 2883 3068 3021 3051 3001 3110 3380 3422 3537 3332 2986 2687 2545 2546 2601 2577 2587 2566 2619 2657 2704 2615 2740 2788 2857 2895 2739 2711 2825 2819 2970 3045 3229 3459 3504 3526 3581 3501 3509 3364 3240 3405 3524 3498 3655 3865 3812 3554 3347 3166 2918 2650 2366 2232 2311 2313 2599 2945 3452 3781 
2953 2931 2892 2837 3050 3074 2920 2852 2965 3349 3444 3492 3177 2865 2689 2560 2584 2660 2623 2572 2442 2423 2501 2630 2616 2660 2815 2954 2836 2703 2730 2861 2876 2970 3057 3212 3348 3492 3585 3637 3666 3736 3591 3371 3333 3475 3530 3625 3892 3952 3751 3516 3127 2795 2530 2336 2301 2404 2512 2789 3135 3549 3850 
3082 3084 2877 2908 2878 3047 2971 2985 3035 3322 3518 3453 3090 2949 2683 2545 2600 2740 2755 2742 2484 2421 2431 2514 2561 2604 2864 3002 2943 2894 2867 2869 2987 3084 3183 3240 3349 3457 3513 3609 3755 3739 3620 3516 3416 3321 3463 3581 3831 3916 3753 3662 3232 2817 2600 2450 2468 2538 2691 2847 3174 3569 3797 
3272 3173 2951 2907 2824 2985 3083 3165 3207 3252 3381 3297 3054 2970 2781 2617 2644 2869 2876 2771 2534 2411 2386 2518 2594 2799 3017 3079 3185 3209 3043 3102 3289 3317 3289 3297 3429 3447 3543 3575 3693 3753 3686 3632 3418 3205 3302 3535 3740 3800 3677 3679 3408 3022 2800 2578 2579 2656 2702 2876 3194 3500 3629 
3401 3192 3135 3102 2974 2969 3087 3147 3200 3195 3318 3242 3207 2977 2872 2919 2861 3009 3053 2814 2608 2406 2491 2644 2828 2997 3181 3317 3322 3516 3349 3330 3610 3562 3375 3391 3375 3382 3470 3634 3654 3686 3767 3608 3453 3284 3244 3521 3596 3654 3530 3526 3409 3154 2933 2751 2677 2854 2806 2949 3074 3319 3313 
3446 3312 3377 3389 3245 3119 3085 3132 3176 3110 3214 3202 3200 3006 3050 3205 3171 3256 3211 2920 2665 2501 2648 2688 2881 3069 3278 3406 3516 3769 3663 3610 3854 3649 3419 3437 3381 3367 3410 3543 3610 3692 3687 3487 3403 3286 3254 3472 3532 3547 3331 3309 3269 3093 2933 2845 2856 3047 3023 3068 3091 3193 3092 
3514 3374 3427 3454 3414 3165 3063 3170 3211 3214 3155 3180 3120 3133 3160 3252 3313 3369 3260 2985 2775 2762 2732 2732 3010 3225 3519 3511 3618 3876 3824 3862 4083 3799 3354 3357 3314 3333 3413 3536 3679 3729 3563 3471 3341 3203 3160 3349 3476 3422 3273 3110 3176 3056 3047 3043 3105 3084 3041 3015 3006 3019 2968 
3565 3488 3459 3457 3428 3187 3186 3314 3348 3346 3238 3263 3171 3214 3137 3167 3247 3311 3313 3195 2962 2971 2884 2894 3224 3345 3515 3471 3703 4007 4003 3932 4089 3804 3417 3453 3439 3478 3515 3587 3656 3563 3399 3288 3146 3215 3240 3190 3271 3267 3276 3071 3093 3102 3201 3128 3144 3050 2984 3000 3003 2960 2895 
3466 3468 3295 3265 3197 3094 3170 3282 3307 3247 3109 3159 3213 3173 3168 3157 3343 3374 3380 3224 3149 3221 3106 3077 3292 3434 3435 3476 3761 4064 4013 4049 4024 3868 3579 3555 3507 3532 3484 3486 3443 3351 3223 3023 3002 3222 3297 3232 3300 3318 3374 3163 3081 3097 3177 3235 3170 3037 2994 2929 2921 2787 2764 
3352 3306 3120 3160 3077 2972 2892 3010 3040 3017 2883 2956 3088 3091 3276 3252 3382 3352 3318 3235 3142 3287 3208 3257 3433 3496 3443 3490 3753 4080 4077 4029 3920 3802 3607 3610 3525 3427 3281 3245 3222 3258 3135 2961 2993 3126 3174 3176 3267 3312 3463 3307 3228 3179 3180 3153 3149 3062 3007 2893 2870 2772 2743 
3250 3140 3003 3003 2908 2766 2613 2782 2899 2814 2787 2842 2957 2968 3200 3336 3453 3437 3157 3144 3114 3226 3277 3358 3390 3490 3474 3514 3718 3877 4008 3929 3911 3718 3564 3577 3513 3331 3176 3101 3138 3129 2949 2915 2909 3047 3073 3104 3209 3259 3466 3386 3242 3233 3120 3070 3115 3100 2948 2945 2963 2819 2768 
3129 3164 3052 2979 2885 2745 2592 2731 2884 2868 2815 2734 2908 2932 3189 3414 3561 3406 3027 3055 3147 3235 3279 3410 3376 3331 3330 3412 3713 3732 3834 3850 3891 3760 3510 3409 3267 3263 3267 3209 3170 2954 2833 2895 2823 2913 2944 3083 3186 3219 3279 3261 3267 3228 3033 3047 3007 2968 2964 2987 2965 2873 2806 
3151 3216 3067 2918 2809 2784 2657 2822 2893 2929 2845 2767 2990 3042 3162 3348 3387 3258 3036 3027 3146 3279 3205 3342 3361 3229 3232 3359 3656 3626 3650 3818 3843 3704 3460 3193 3046 3111 3242 3208 3129 2885 2835 2969 2792 2732 2847 2976 2994 3030 3163 3148 3163 3014 2894 2827 2749 2777 2815 2925 2908 2980 2917 
3050 3070 2906 2807 2706 2788 2716 2901 2886 2788 2718 2809 3023 3067 3132 3272 3273 3237 3130 3099 3064 3219 3231 3204 3153 3032 3039 3182 3442 3492 3632 3731 3752 3739 3555 3240 3068 2994 3072 3133 3114 2939 2773 2904 2757 2591 2697 2760 2802 2945 3045 3018 2979 2828 2793 2693 2655 2740 2737 2917 2955 2971 2988 
2971 2927 2800 2787 2742 2837 2822 2983 2976 2723 2681 2801 2983 3088 3145 3136 3089 3137 3082 3073 3011 3042 3114 3067 3057 2830 2846 3007 3347 3474 3588 3589 3615 3630 3600 3319 3051 2881 2893 3001 2992 2894 2823 2775 2647 2533 2620 2560 2695 2824 2923 3009 2874 2673 2610 2571 2637 2657 2677 2868 2946 2949 3044 
2882 2973 2947 2767 2676 2742 2879 3032 3011 2782 2758 2803 2996 3147 3135 3104 3023 2999 2940 2935 2990 2940 2958 2856 2913 2811 2792 2905 3259 3509 3665 3583 3537 3421 3417 3176 2976 2716 2663 2819 2856 2899 2914 2744 2630 2442 2439 2495 2701 2765 2820 2938 2706 2477 2410 2537 2766 2753 2798 3021 3075 3069 3114 
2839 3048 3129 2795 2577 2582 2792 2925 3068 2908 2775 2868 2972 3076 3176 3199 3149 2965 2908 2830 2840 2839 2816 2782 2762 2791 2780 2851 3115 3470 3666 3533 3452 3273 3231 3092 2972 2688 2643 2693 2766 2856 2901 2705 2556 2350 2186 2369 2569 2647 2713 2671 2579 2531 2437 2646 2868 2839 2902 3109 3145 3143 3095 
2950 3079 3167 2912 2635 2580 2738 2788 2996 2930 2706 2812 2967 3047 3108 3128 3117 2992 2997 2913 2829 2822 2698 2736 2633 2641 2681 2749 3096 3439 3585 3430 3346 3086 3062 3008 2898 2712 2766 2745 2747 2734 2841 2682 2551 2420 2199 2349 2507 2579 2572 2471 2675 2812 2711 2864 2954 2875 2922 3092 3141 3142 3141 
2940 3109 3115 2864 2646 2490 2597 2595 2756 2829 2727 2751 2895 2974 3037 3031 3097 3039 2982 2975 2913 2865 2648 2610 2546 2563 2594 2650 3031 3367 3542 3412 3223 2944 2913 2914 2907 2842 2856 2928 2820 2793 2896 2807 2621 2517 2321 2476 2608 2630 2524 2549 2836 2994 2966 3066 3035 2925 2958 3058 3111 3135 3215 
2765 2935 2933 2806 2611 2368 2398 2377 2610 2654 2672 2605 2696 2828 2907 2823 2952 2966 2885 2996 2924 2830 2551 2472 2510 2659 2713 2792 2975 3227 3303 3285 3057 2934 2957 3033 3066 3097 3043 2985 2853 2926 3038 2986 2795 2675 2490 2634 2724 2736 2620 2691 2859 3123 3190 3193 3067 2931 2869 2923 3027 3116 3233 
2671 2749 2853 2783 2592 2398 2360 2318 2507 2511 2512 2344 2451 2681 2733 2711 2752 2770 2795 2935 2871 2743 2450 2340 2394 2556 2720 2907 3002 3100 3010 2956 2841 2809 2910 3075 3088 3125 3142 2977 2933 3127 3248 3186 2970 2769 2667 2744 2890 2994 2864 2795 2862 3165 3326 3259 3158 3041 2947 2974 3064 3204 3263 
2726 2799 2957 2780 2593 2446 2385 2325 2334 2355 2350 2217 2263 2515 2633 2760 2691 2656 2701 2764 2773 2654 2344 2213 2223 2358 2509 2702 2823 2901 2878 2738 2704 2574 2701 2962 3089 3054 3105 3088 3077 3256 3376 3336 3084 2836 2850 2859 3020 3130 3147 2990 3028 3118 3315 3307 3176 3043 3040 3106 3224 3286 3276 
2847 2890 2971 2840 2650 2498 2468 2351 2185 2153 2176 2161 2211 2435 2500 2721 2702 2725 2674 2716 2738 2675 2322 2139 2113 2254 2316 2435 2504 2659 2745 2614 2587 2409 2577 2875 3047 3078 3169 3144 3123 3270 3392 3408 3279 3058 3049 3059 3113 3157 3333 3182 3165 3213 3296 3377 3154 2943 2999 3124 3328 3355 3356 
2926 3021 2991 2750 2574 2367 2391 2365 2223 2197 2236 2156 2127 2309 2522 2844 2856 2830 2688 2694 2683 2692 2393 2175 2138 2123 2159 2295 2381 2548 2525 2467 2542 2473 2573 2780 2989 3124 3256 3236 3228 3388 3462 3518 3340 3195 3169 3155 3196 3310 3484 3354 3322 3407 3335 3325 3126 2961 2993 3036 3248 3378 3457 
2938 3140 3109 2733 2495 2247 2266 2291 2268 2286 2361 2226 2127 2253 2559 2877 2947 2924 2858 2808 2837 2787 2562 2372 2275 2225 2152 2242 2449 2526 2453 2438 2590 2670 2638 2739 3046 3237 3283 3420 3494 3569 3617 3664 3542 3396 3388 3250 3222 3372 3523 3482 3520 3584 3487 3298 3130 3017 2927 2945 3125 3229 3394 
2962 3152 3181 2847 2563 2381 2415 2305 2275 2202 2329 2357 2381 2480 2656 2849 3000 3074 3207 3187 3256 3080 2947 2813 2596 2450 2306 2356 2544 2471 2490 2434 2555 2687 2718 2840 2981 3294 3264 3366 3632 3697 3800 3800 3804 3605 3625 3408 3199 3297 3472 3482 3485 3610 3525 3412 3237 3043 2967 2988 2989 3150 3310 
3055 3217 3289 3017 2716 2499 2602 2528 2410 2130 2213 2379 2617 2776 2892 2975 3057 3125 3425 3545 3519 3378 3319 3199 2944 2725 2534 2538 2654 2581 2552 2491 2583 2711 2801 2894 2958 3185 3153 3298 3573 3652 3807 3867 3830 3671 3608 3386 3173 3221 3318 3365 3432 3521 3460 3513 3368 3190 3121 3067 3043 3084 3124 
3150 3270 3370 3115 2956 2750 2766 2774 2524 2281 2218 2448 2748 2925 3087 3194 3221 3264 3588 3654 3751 3727 3730 3532 3193 2928 2734 2694 2781 2739 2645 2527 2537 2711 2864 2848 3015 3122 3108 3272 3431 3650 3748 3893 3778 3629 3384 3184 3079 3094 3261 3350 3369 3451 3426 3493 3364 3262 3115 2921 2898 2848 2872 
3144 3246 3309 3202 3083 2928 2928 2933 2754 2517 2380 2490 2825 3091 3398 3433 3309 3429 3674 3694 3859 3888 3808 3587 3168 2982 2881 2878 2811 2747 2697 2620 2561 2579 2796 2823 3057 3199 3137 3228 3343 3586 3572 3640 3568 3407 3173 3074 3066 3099 3134 3263 3320 3356 3392 3477 3296 3130 3018 2819 2670 2716 2842 
3138 3313 3225 3128 2976 2951 3056 3030 2981 2672 2608 2584 2847 3200 3503 3622 3434 3481 3662 3739 3815 3875 3823 3650 3203 3112 2900 2867 2752 2663 2628 2515 2461 2499 2649 2718 2981 3222 3125 3177 3242 3430 3529 3469 3430 3219 3042 2877 2935 2978 3080 3222 3342 3320 3504 3447 3260 3070 2891 2892 2653 2618 2896 
2975 3222 3174 3181 3068 3111 3097 3107 3176 2927 2829 2659 2855 3205 3476 3643 3503 3473 3703 3842 3910 3893 3838 3708 3356 3124 2950 2883 2716 2571 2442 2344 2278 2370 2521 2611 2846 3077 2991 3054 3162 3360 3474 3449 3455 3134 2893 2765 2811 2819 2970 3079 3191 3230 3443 3497 3213 2978 2863 2934 2768 2610 2906 
2961 3160 3142 3216 3150 3233 3242 3201 3298 3015 2927 2843 2944 3266 3475 3629 3602 3600 3815 3932 3937 3790 3737 3575 3541 3311 3149 2866 2648 2559 2450 2407 2214 2248 2430 2604 2937 3030 2995 3016 3122 3251 3383 3393 3325 3035 2920 2793 2739 2725 2784 2823 3089 3221 3379 3364 3103 2908 2896 2812 2721 2716 2993 
3126 3186 3178 3233 3187 3232 3389 3317 3273 3046 3010 2962 3030 3241 3444 3564 3503 3552 3714 3819 3931 3840 3849 3649 3664 3554 3255 2838 2638 2633 2690 2498 2222 2222 2455 2725 3026 3031 2966 2911 2970 3166 3312 3271 3189 2905 2857 2841 2784 2844 2863 2808 3009 3199 3294 3090 3007 2959 2818 2669 2664 2819 3078 
3201 3188 3266 3275 3206 3196 3353 3456 3355 3131 3172 3202 3197 3205 3307 3470 3357 3506 3565 3738 3801 3861 3971 3890 3812 3575 3263 2994 2866 2769 2885 2707 2393 2312 2555 2924 3199 3145 3054 2917 2992 3155 3385 3312 3142 2985 2837 2861 2742 2897 2907 2946 3028 3156 3157 2997 2954 2906 2802 2623 2687 2804 2956 
3111 3114 3186 3274 3164 3153 3202 3373 3353 3283 3349 3299 3344 3311 3222 3347 3286 3331 3393 3584 3807 3987 4108 4038 3880 3636 3360 3201 3115 2991 3024 2844 2573 2561 2674 2950 3202 3164 3082 2857 2998 3252 3392 3314 3205 3113 2926 2768 2702 2983 2961 2972 2982 3206 3243 3102 3017 2946 2873 2707 2726 2846 2870 
3140 3143 3140 3132 2997 3001 3154 3402 3358 3365 3452 3347 3366 3335 3174 3131 3271 3351 3395 3548 3815 4004 4245 4129 3910 3627 3377 3245 3088 3152 3073 2845 2751 2808 2879 2986 3243 3335 3132 2899 3043 3237 3408 3359 3260 3082 2959 2743 2675 2870 2953 2893 2958 3111 3181 3090 3005 2937 2775 2764 2667 2733 2694 
3025 3014 2988 3021 2959 2983 3015 3353 3412 3277 3346 3341 3374 3361 3197 3041 3210 3487 3562 3707 3836 3954 4171 4170 4014 3708 3380 3133 2991 3047 2896 2899 2947 2976 3090 3109 3135 3287 3110 3042 3128 3207 3213 3114 3058 2930 2864 2653 2608 2823 2942 2879 2978 3074 3103 3033 3018 2874 2712 2717 2522 2471 2482 
2902 2813 2879 2929 2992 2922 2853 3177 3321 3343 3233 3157 3157 3217 3045 2985 3190 3564 3708 3748 3856 4004 4114 4023 3898 3581 3343 3029 2972 2952 2804 2908 2972 3162 3161 3182 3056 3173 3150 3010 2931 2956 2941 2768 2803 2857 2756 2662 2665 2780 2800 2797 2907 3047 3060 2984 3040 2714 2546 2591 2390 2355 2380 
2654 2613 2761 2822 2865 2716 2795 3117 3325 3351 3200 3135 2996 3030 2854 2846 3082 3421 3683 3804 3799 3950 4090 3950 3783 3438 3262 3028 2900 2897 2806 2873 2925 3131 3146 3211 3138 3122 3033 2944 2804 2785 2791 2631 2701 2818 2745 2581 2595 2642 2694 2729 2884 3012 3023 2970 2966 2585 2410 2463 2232 2306 2383 
2503 2606 2698 2755 2739 2621 2702 2964 3182 3275 3151 3100 2966 2821 2763 2722 2899 3315 3720 3904 3888 3952 4123 3871 3644 3320 3082 2965 2911 2902 2828 2814 2966 3110 3237 3267 3155 3099 2989 2820 2694 2566 2563 2445 2528 2618 2682 2532 2585 2511 2588 2622 2903 3047 3070 2959 2756 2568 2359 2405 2197 2304 2379 
2537 2672 2695 2706 2643 2640 2756 2890 2996 3205 3165 3077 2958 2759 2739 2786 2942 3197 3659 3880 4102 4121 4055 3717 3504 3275 3097 3029 2820 2744 2698 2767 2955 3090 3223 3245 3256 3220 3122 2915 2717 2523 2533 2425 2477 2523 2620 2566 2648 2465 2535 2625 2908 3122 3203 3048 2669 2542 2411 2484 2351 2255 2218 
2708 2820 2878 2724 2583 2694 2744 2684 2731 2952 3076 3062 2988 2992 2958 2941 3078 3211 3525 3792 4045 4095 3941 3692 3387 3301 3175 3083 2767 2622 2586 2810 2871 3033 3202 3309 3303 3386 3267 3057 2799 2574 2481 2431 2385 2410 2481 2420 2492 2373 2529 2699 2872 3045 3190 3081 2867 2727 2574 2458 2421 2268 2254 
2781 2856 2917 2667 2490 2605 2697 2560 2616 2835 3033 3123 3021 3123 3201 3164 3301 3399 3532 3764 3927 3965 3801 3558 3191 3173 3105 3072 2746 2590 2560 2723 2728 3006 3192 3329 3289 3368 3192 2950 2691 2449 2345 2323 2248 2297 2379 2373 2402 2344 2522 2772 2989 2997 3125 3089 3041 2931 2864 2552 2453 2283 2368 
2927 2956 2821 2587 2483 2622 2686 2578 2549 2734 2866 3115 3184 3198 3336 3342 3466 3405 3461 3625 3748 3770 3622 3306 3120 3064 3008 3081 2783 2554 2570 2597 2627 2928 3195 3393 3341 3322 3122 2825 2609 2428 2250 2160 2169 2254 2373 2367 2421 2501 2666 2912 3091 3041 3088 3150 3211 3180 3155 2805 2567 2336 2401 
3014 2997 2757 2673 2578 2692 2635 2571 2522 2701 2725 3008 3217 3157 3346 3369 3459 3373 3434 3592 3669 3620 3502 3326 3332 3173 2926 2899 2813 2625 2707 2724 2744 2952 3181 3384 3325 3261 3011 2817 2646 2376 2205 2122 2158 2268 2438 2506 2605 2745 2955 3146 3232 3245 3262 3240 3260 3288 3273 2963 2649 2524 2524 
2987 2938 2772 2785 2784 2802 2832 2806 2746 2770 2760 2929 3105 3110 3227 3371 3416 3292 3365 3631 3624 3564 3451 3476 3492 3183 2937 2777 2778 2853 2933 2874 2917 3023 3250 3360 3397 3271 3006 2788 2674 2302 2144 2224 2232 2342 2564 2697 2857 2872 3060 3178 3271 3363 3467 3372 3263 3388 3462 3237 2860 2723 2696 
